> A <- matrix(1:100, nrow = 10)
> B <- matrix(1:1000, nrow = 10)
> 
> det_A <- det(A)
> 
> det_A
[1] 0
> 
> solve(A)
Error in solve.default(A) : 
  Lapack routine dgesv: system is exactly singular: U[6,6] = 0

> det(B)
Error in determinant.matrix(x, logarithm = TRUE, ...) : 
  'x' must be a square matrix

> solve(B)
Error in solve.default(B) : 'a' (10 x 100) must be square

> A_t <- t(A)
> B_t <- t(B)
> 
> v <- 1:10
> 
> %*% v
Error: unexpected SPECIAL in "%*%"

> v <- 1:10
> A_multiplied <- A %*% v
> C <- A %*% B
> C
      [,1] [,2]  [,3]  [,4]  [,5]  [,6]
 [1,] 3355 7955 12555 17155 21755 26355
 [2,] 3410 8110 12810 17510 22210 26910
 [3,] 3465 8265 13065 17865 22665 27465
 [4,] 3520 8420 13320 18220 23120 28020
 [5,] 3575 8575 13575 18575 23575 28575
 [6,] 3630 8730 13830 18930 24030 29130
 [7,] 3685 8885 14085 19285 24485 29685
 [8,] 3740 9040 14340 19640 24940 30240
 [9,] 3795 9195 14595 19995 25395 30795
[10,] 3850 9350 14850 20350 25850 31350
       [,7]  [,8]  [,9] [,10] [,11] [,12]
 [1,] 30955 35555 40155 44755 49355 53955
 [2,] 31610 36310 41010 45710 50410 55110
 [3,] 32265 37065 41865 46665 51465 56265
 [4,] 32920 37820 42720 47620 52520 57420
 [5,] 33575 38575 43575 48575 53575 58575
 [6,] 34230 39330 44430 49530 54630 59730
 [7,] 34885 40085 45285 50485 55685 60885
 [8,] 35540 40840 46140 51440 56740 62040
 [9,] 36195 41595 46995 52395 57795 63195
[10,] 36850 42350 47850 53350 58850 64350
      [,13] [,14] [,15] [,16] [,17] [,18]
 [1,] 58555 63155 67755 72355 76955 81555
 [2,] 59810 64510 69210 73910 78610 83310
 [3,] 61065 65865 70665 75465 80265 85065
 [4,] 62320 67220 72120 77020 81920 86820
 [5,] 63575 68575 73575 78575 83575 88575
 [6,] 64830 69930 75030 80130 85230 90330
 [7,] 66085 71285 76485 81685 86885 92085
 [8,] 67340 72640 77940 83240 88540 93840
 [9,] 68595 73995 79395 84795 90195 95595
[10,] 69850 75350 80850 86350 91850 97350
       [,19]  [,20]  [,21]  [,22]  [,23]
 [1,]  86155  90755  95355  99955 104555
 [2,]  88010  92710  97410 102110 106810
 [3,]  89865  94665  99465 104265 109065
 [4,]  91720  96620 101520 106420 111320
 [5,]  93575  98575 103575 108575 113575
 [6,]  95430 100530 105630 110730 115830
 [7,]  97285 102485 107685 112885 118085
 [8,]  99140 104440 109740 115040 120340
 [9,] 100995 106395 111795 117195 122595
[10,] 102850 108350 113850 119350 124850
       [,24]  [,25]  [,26]  [,27]  [,28]
 [1,] 109155 113755 118355 122955 127555
 [2,] 111510 116210 120910 125610 130310
 [3,] 113865 118665 123465 128265 133065
 [4,] 116220 121120 126020 130920 135820
 [5,] 118575 123575 128575 133575 138575
 [6,] 120930 126030 131130 136230 141330
 [7,] 123285 128485 133685 138885 144085
 [8,] 125640 130940 136240 141540 146840
 [9,] 127995 133395 138795 144195 149595
[10,] 130350 135850 141350 146850 152350
       [,29]  [,30]  [,31]  [,32]  [,33]
 [1,] 132155 136755 141355 145955 150555
 [2,] 135010 139710 144410 149110 153810
 [3,] 137865 142665 147465 152265 157065
 [4,] 140720 145620 150520 155420 160320
 [5,] 143575 148575 153575 158575 163575
 [6,] 146430 151530 156630 161730 166830
 [7,] 149285 154485 159685 164885 170085
 [8,] 152140 157440 162740 168040 173340
 [9,] 154995 160395 165795 171195 176595
[10,] 157850 163350 168850 174350 179850
       [,34]  [,35]  [,36]  [,37]  [,38]
 [1,] 155155 159755 164355 168955 173555
 [2,] 158510 163210 167910 172610 177310
 [3,] 161865 166665 171465 176265 181065
 [4,] 165220 170120 175020 179920 184820
 [5,] 168575 173575 178575 183575 188575
 [6,] 171930 177030 182130 187230 192330
 [7,] 175285 180485 185685 190885 196085
 [8,] 178640 183940 189240 194540 199840
 [9,] 181995 187395 192795 198195 203595
[10,] 185350 190850 196350 201850 207350
       [,39]  [,40]  [,41]  [,42]  [,43]
 [1,] 178155 182755 187355 191955 196555
 [2,] 182010 186710 191410 196110 200810
 [3,] 185865 190665 195465 200265 205065
 [4,] 189720 194620 199520 204420 209320
 [5,] 193575 198575 203575 208575 213575
 [6,] 197430 202530 207630 212730 217830
 [7,] 201285 206485 211685 216885 222085
 [8,] 205140 210440 215740 221040 226340
 [9,] 208995 214395 219795 225195 230595
[10,] 212850 218350 223850 229350 234850
       [,44]  [,45]  [,46]  [,47]  [,48]
 [1,] 201155 205755 210355 214955 219555
 [2,] 205510 210210 214910 219610 224310
 [3,] 209865 214665 219465 224265 229065
 [4,] 214220 219120 224020 228920 233820
 [5,] 218575 223575 228575 233575 238575
 [6,] 222930 228030 233130 238230 243330
 [7,] 227285 232485 237685 242885 248085
 [8,] 231640 236940 242240 247540 252840
 [9,] 235995 241395 246795 252195 257595
[10,] 240350 245850 251350 256850 262350
       [,49]  [,50]  [,51]  [,52]  [,53]
 [1,] 224155 228755 233355 237955 242555
 [2,] 229010 233710 238410 243110 247810
 [3,] 233865 238665 243465 248265 253065
 [4,] 238720 243620 248520 253420 258320
 [5,] 243575 248575 253575 258575 263575
 [6,] 248430 253530 258630 263730 268830
 [7,] 253285 258485 263685 268885 274085
 [8,] 258140 263440 268740 274040 279340
 [9,] 262995 268395 273795 279195 284595
[10,] 267850 273350 278850 284350 289850
       [,54]  [,55]  [,56]  [,57]  [,58]
 [1,] 247155 251755 256355 260955 265555
 [2,] 252510 257210 261910 266610 271310
 [3,] 257865 262665 267465 272265 277065
 [4,] 263220 268120 273020 277920 282820
 [5,] 268575 273575 278575 283575 288575
 [6,] 273930 279030 284130 289230 294330
 [7,] 279285 284485 289685 294885 300085
 [8,] 284640 289940 295240 300540 305840
 [9,] 289995 295395 300795 306195 311595
[10,] 295350 300850 306350 311850 317350
       [,59]  [,60]  [,61]  [,62]  [,63]
 [1,] 270155 274755 279355 283955 288555
 [2,] 276010 280710 285410 290110 294810
 [3,] 281865 286665 291465 296265 301065
 [4,] 287720 292620 297520 302420 307320
 [5,] 293575 298575 303575 308575 313575
 [6,] 299430 304530 309630 314730 319830
 [7,] 305285 310485 315685 320885 326085
 [8,] 311140 316440 321740 327040 332340
 [9,] 316995 322395 327795 333195 338595
[10,] 322850 328350 333850 339350 344850
       [,64]  [,65]  [,66]  [,67]  [,68]
 [1,] 293155 297755 302355 306955 311555
 [2,] 299510 304210 308910 313610 318310
 [3,] 305865 310665 315465 320265 325065
 [4,] 312220 317120 322020 326920 331820
 [5,] 318575 323575 328575 333575 338575
 [6,] 324930 330030 335130 340230 345330
 [7,] 331285 336485 341685 346885 352085
 [8,] 337640 342940 348240 353540 358840
 [9,] 343995 349395 354795 360195 365595
[10,] 350350 355850 361350 366850 372350
       [,69]  [,70]  [,71]  [,72]  [,73]
 [1,] 316155 320755 325355 329955 334555
 [2,] 323010 327710 332410 337110 341810
 [3,] 329865 334665 339465 344265 349065
 [4,] 336720 341620 346520 351420 356320
 [5,] 343575 348575 353575 358575 363575
 [6,] 350430 355530 360630 365730 370830
 [7,] 357285 362485 367685 372885 378085
 [8,] 364140 369440 374740 380040 385340
 [9,] 370995 376395 381795 387195 392595
[10,] 377850 383350 388850 394350 399850
       [,74]  [,75]  [,76]  [,77]  [,78]
 [1,] 339155 343755 348355 352955 357555
 [2,] 346510 351210 355910 360610 365310
 [3,] 353865 358665 363465 368265 373065
 [4,] 361220 366120 371020 375920 380820
 [5,] 368575 373575 378575 383575 388575
 [6,] 375930 381030 386130 391230 396330
 [7,] 383285 388485 393685 398885 404085
 [8,] 390640 395940 401240 406540 411840
 [9,] 397995 403395 408795 414195 419595
[10,] 405350 410850 416350 421850 427350
       [,79]  [,80]  [,81]  [,82]  [,83]
 [1,] 362155 366755 371355 375955 380555
 [2,] 370010 374710 379410 384110 388810
 [3,] 377865 382665 387465 392265 397065
 [4,] 385720 390620 395520 400420 405320
 [5,] 393575 398575 403575 408575 413575
 [6,] 401430 406530 411630 416730 421830
 [7,] 409285 414485 419685 424885 430085
 [8,] 417140 422440 427740 433040 438340
 [9,] 424995 430395 435795 441195 446595
[10,] 432850 438350 443850 449350 454850
       [,84]  [,85]  [,86]  [,87]  [,88]
 [1,] 385155 389755 394355 398955 403555
 [2,] 393510 398210 402910 407610 412310
 [3,] 401865 406665 411465 416265 421065
 [4,] 410220 415120 420020 424920 429820
 [5,] 418575 423575 428575 433575 438575
 [6,] 426930 432030 437130 442230 447330
 [7,] 435285 440485 445685 450885 456085
 [8,] 443640 448940 454240 459540 464840
 [9,] 451995 457395 462795 468195 473595
[10,] 460350 465850 471350 476850 482350
       [,89]  [,90]  [,91]  [,92]  [,93]
 [1,] 408155 412755 417355 421955 426555
 [2,] 417010 421710 426410 431110 435810
 [3,] 425865 430665 435465 440265 445065
 [4,] 434720 439620 444520 449420 454320
 [5,] 443575 448575 453575 458575 463575
 [6,] 452430 457530 462630 467730 472830
 [7,] 461285 466485 471685 476885 482085
 [8,] 470140 475440 480740 486040 491340
 [9,] 478995 484395 489795 495195 500595
[10,] 487850 493350 498850 504350 509850
       [,94]  [,95]  [,96]  [,97]  [,98]
 [1,] 431155 435755 440355 444955 449555
 [2,] 440510 445210 449910 454610 459310
 [3,] 449865 454665 459465 464265 469065
 [4,] 459220 464120 469020 473920 478820
 [5,] 468575 473575 478575 483575 488575
 [6,] 477930 483030 488130 493230 498330
 [7,] 487285 492485 497685 502885 508085
 [8,] 496640 501940 507240 512540 517840
 [9,] 505995 511395 516795 522195 527595
[10,] 515350 520850 526350 531850 537350
       [,99] [,100]
 [1,] 454155 458755
 [2,] 464010 468710
 [3,] 473865 478665
 [4,] 483720 488620
 [5,] 493575 498575
 [6,] 503430 508530
 [7,] 513285 518485
 [8,] 523140 528440
 [9,] 532995 538395
[10,] 542850 548350
> dim(C)
[1]  10 100
